0.65818
0.60974
0.54179
0.50827
0.48254
0.51163
0.64424
0.80150
0.96739
1.06953
1.10466
1.20221
1.24231
1.24927
1.21441
1.13353
1.11649
1.24029
1.39613
1.52757
1.42885
1.22679
1.01397
0.83423
0.65544
0.60611
0.54507
0.50359
0.48298
0.51298
0.64009
0.79995
0.96747
1.04330
1.12382
1.16696
1.23226
1.23775
1.20029
1.15916
1.13751
1.24241
1.38261
1.47832
1.40008
1.23788
1.01363
0.81194
0.65179
0.59927
0.53926
0.49674
0.47351
0.52612
0.64509
0.80091
0.93729
1.05428
1.10938
1.18727
1.22923
1.26241
1.19763
1.13086
1.10786
1.24017
1.36081
1.51955
1.42218
1.27481
0.98313
0.81812
0.64745
0.58982
0.54428
0.49247
0.47393
0.51459
0.64785
0.78559
0.96530
1.06868
1.11959
1.17949
1.21208
1.27000
1.19372
1.13212
1.13256
1.21462
1.36574
1.49423
1.39708
1.23160
1.01768
0.83496
0.64966
0.59846
0.54883
0.49613
0.48016
0.52022
0.65826
0.80943
0.95548
1.04490
1.13396
1.18155
1.21272
1.27195
1.21805
1.15231
1.12549
1.22425
1.36387
1.48807
1.41835
1.23652
1.01377
0.80999
0.63922
0.59430
0.55662
0.49058
0.48823
0.52479
0.64970
0.80251
0.94002
1.04827
1.14075
1.18221
1.22103
1.23658
1.19947
1.15571
1.12803
1.21490
1.37268
1.52928
1.39374
1.26926
1.01653
0.82971
0.65794
0.60184
0.54302
0.49480
0.48742
0.51020
0.64974
0.78937
0.96819
1.05893
1.12002
1.17864
1.19851
1.25910
1.17804
1.13029
1.12097
1.20032
1.39756
1.51905
1.43263
1.23249
1.00638
0.82061
0.64668
0.59275
0.54977
0.49679
0.48867
0.52874
0.63837
0.80761
0.94123
1.04676
1.12214
1.20090
1.21599
1.27415
1.19047
1.15925
1.12745
1.22191
1.39094
1.50999
1.40172
1.23140
1.01996
0.80921
0.65843
0.61158
0.55507
0.49688
0.48161
0.51184
0.66056
0.81215
0.96207
1.03995
1.12423
1.15746
1.21635
1.24064
1.18375
1.13522
1.11655
1.20020
1.38544
1.49826
1.43113
1.25999
1.00554
0.80470
0.65358
0.61098
0.54430
0.50352
0.47595
0.52357
0.65507
0.78618
0.94068
1.03841
1.12752
1.19626
1.21241
1.26403
1.20842
1.12731
1.12458
1.21447
1.40296
1.47007
1.41787
1.24622
0.99844
0.82886
0.65384
0.60430
0.55299
0.50890
0.47441
0.52435
0.64314
0.78782
0.95408
1.04791
1.11815
1.18764
1.23319
1.24251
1.20778
1.14614
1.13532
1.23625
1.36656
1.50681
1.42467
1.25204
1.01480
0.81228
0.64199
0.59133
0.55432
0.49188
0.48049
0.52063
0.65939
0.79952
0.94595
1.05720
1.13081
1.18095
1.21257
1.23250
1.20413
1.13906
1.09959
1.23244
1.36580
1.49654
1.43067
1.24296
1.00945
0.81655
0.65699
0.59201
0.55796
0.50980
0.48028
0.52799
0.65229
0.78895
0.93859
1.04609
1.13114
1.19537
1.23415
1.24093
1.20164
1.13114
1.10260
1.20225
1.38986
1.49971
1.40238
1.24975
0.98590
0.80540
0.63917
0.60302
0.55354
0.50460
0.48750
0.53003
0.65699
0.80261
0.96628
1.05336
1.09836
1.16210
1.23770
1.24921
1.21655
1.13663
1.12234
1.22634
1.35417
1.50688
1.41218
1.22748
0.99958
0.80991
0.63975
0.59141
0.54266
0.50242
0.48142
0.51068
0.66121
0.80732
0.95904
1.03166
1.13615
1.20050
1.24364
1.26795
1.21371
1.15062
1.10556
1.21505
1.35979
1.47185
1.44494
1.24007
0.99182
0.81452
0.64163
0.59663
0.54025
0.50044
0.47685
0.51325
0.64243
0.81296
0.95666
1.04868
1.13846
1.16131
1.23198
1.26181
1.20297
1.13547
1.12436
1.21024
1.35980
1.48276
1.44243
1.22857
0.98970
0.80536
0.64579
0.59506
0.55542
0.49021
0.47133
0.52349
0.65269
0.80084
0.95873
1.05870
1.13261
1.16999
1.22940
1.25283
1.19503
1.12983
1.13255
1.21207
1.38595
1.51448
1.39755
1.23139
1.00198
0.81952
0.64653
0.59686
0.55407
0.50196
0.48556
0.51725
0.64236
0.78677
0.96033
1.03764
1.11499
1.18244
1.20677
1.25710
1.19926
1.13398
1.13263
1.20051
1.36863
1.48424
1.42175
1.22957
0.99621
0.80704
0.63854
0.59558
0.55600
0.50393
0.47281
0.51231
0.63940
0.78425
0.94708
1.05653
1.12999
1.18147
1.20091
1.25659
1.18207
1.13318
1.10202
1.20253
1.36169
1.48177
1.40963
1.24082
0.98870
0.81183
0.64119
0.60619
0.55816
0.49702
0.48356
0.51572
0.65080
0.81064
0.95370
1.04308
1.11101
1.17776
1.21623
1.24298
1.20280
1.16116
1.11661
1.21655
1.35929
1.47147
1.40808
1.24088
1.00615
0.83499
0.65804
0.60597
0.54164
0.50050
0.47666
0.52097
0.64737
0.79728
0.93787
1.03973
1.09852
1.20000
1.22750
1.27163
1.18385
1.16937
1.13320
1.22378
1.37669
1.48546
1.43431
1.23643
0.98257
0.82877
0.63765
0.59811
0.54305
0.50452
0.47751
0.52710
0.65609
0.80227
0.93772
1.06921
1.10949
1.20004
1.20652
1.24368
1.18020
1.15645
1.10569
1.19780
1.39232
1.49085
1.42912
1.24419
1.00509
0.80431
0.65089
0.60925
0.55878
0.50252
0.47305
0.51413
0.64174
0.78534
0.93506
1.05489
1.13970
1.17313
1.21564
1.27422
1.22139
1.15813
1.14188
1.23302
1.37099
1.50974
1.40547
1.23978
1.00721
0.82091
0.66098
0.60650
0.53994
0.49756
0.48392
0.52477
0.64283
0.79261
0.95658
1.04905
1.12554
1.16756
1.20424
1.26648
1.21281
1.16999
1.10243
1.20449
1.35787
1.49939
1.40258
1.26979
0.98396
0.80505
0.64593
0.61046
0.54175
0.50461
0.48281
0.52693
0.64736
0.80799
0.96274
1.04254
1.12234
1.20261
1.22241
1.24152
1.20573
1.14359
1.13149
1.21580
1.37958
1.51168
1.44685
1.24139
1.01351
0.82784
0.65010
0.59975
0.55830
0.49706
0.47903
0.52964
0.63810
0.81513
0.93819
1.05702
1.12387
1.18827
1.21322
1.25601
1.21494
1.12789
1.10136
1.24317
1.38835
1.48387
1.41452
1.23110
0.99074
0.81206
0.66099
0.60721
0.54529
0.50087
0.48931
0.52449
0.65881
0.79786
0.94888
1.05255
1.10966
1.19175
1.22019
1.25734
1.19077
1.13338
1.11891
1.21329
1.39590
1.51682
1.42957
1.23168
0.98086
0.82196
0.65438
0.59296
0.55338
0.49144
0.47821
0.52347
0.66128
0.80995
0.94941
1.06078
1.11628
1.20227
1.24381
1.26821
1.19467
1.14792
1.10865
1.23388
1.40113
1.52482
1.42331
1.25494
0.98596
0.83311
0.65999
0.60530
0.53941
0.50350
0.47882
0.51871
0.64004
0.81007
0.94334
1.03934
1.11295
1.17413
1.22227
1.25310
1.19500
1.14531
1.12069
1.22769
1.40489
1.51334
1.41432
1.26659
0.98537
0.80558
0.65295
0.60765
0.55850
0.50862
0.47406
0.51498
0.66034
0.80299
0.95015
1.05474
1.13431
1.18151
1.20546
1.24769
1.19654
1.17144
1.12538
1.22954
1.39215
1.49081
1.42097
1.25283
0.98626
0.82204
0.65440
0.60001
0.54380
0.50143
0.47275
0.52356
0.65259
0.78579
0.93314
1.03541
1.09848
1.17694
1.23621
1.25587
1.20097
1.16674
1.10198
1.23991
1.35836
1.50102
1.39973
1.25297
0.98018
0.82875
0.64322
0.60189
0.55807
0.49814
0.47256
0.51883
0.64480
0.79684
0.96267
1.04595
1.11508
1.17341
1.20244
1.23801
1.18017
1.14675
1.10913
1.21012
1.37585
1.47715
1.41972
1.26032
0.98974
0.82935
0.66200
0.60630
0.53916
0.50360
0.48395
0.52302
0.65136
0.79098
0.96035
1.03858
1.11421
1.19845
1.23739
1.24512
1.19126
1.15500
1.13838
1.23996
1.38506
1.48995
1.44005
1.24712
1.01617
0.80469
0.65326
0.60103
0.54866
0.49575
0.48003
0.52544
0.65682
0.80243
0.95941
1.05611
1.10312
1.18021
1.21255
1.22961
1.18310
1.13612
1.12772
1.21666
1.39073
1.48541
1.39215
1.25161
0.99118
0.83464
0.66126
0.59738
0.54501
0.49304
0.47802
0.51739
0.64041
0.79792
0.93448
1.05481
1.09809
1.18346
1.23414
1.23677
1.19750
1.15319
1.10035
1.21982
1.38786
1.48328
1.43914
1.27355
1.01385
0.82020
0.65076
0.60792
0.55789
0.50578
0.47650
0.51901
0.65656
0.78752
0.93517
1.04034
1.12110
1.20231
1.23027
1.24059
1.18999
1.16612
1.13844
1.22680
1.36650
1.47532
1.43921
1.25424
1.01792
0.80560
0.64647
0.60078
0.55466
0.50743
0.47671
0.52312
0.66235
0.78643
0.95331
1.04638
1.11145
1.16885
1.23263
1.27476
1.18496
1.16293
1.10637
1.24403
1.39668
1.49545
1.43300
1.24992
1.01236
0.81529
0.65667
0.61189
0.56017
0.50070
0.48891
0.51201
0.63834
0.79374
0.95305
1.05130
1.13797
1.18191
1.21668
1.25213
1.21020
1.12777
1.13348
1.20255
1.37881
1.48541
1.41256
1.25809
0.98678
0.81274
0.66181
0.60103
0.55088
0.49622
0.47177
0.51339
0.63942
0.79883
0.93135
1.06743
1.12639
1.15647
1.19708
1.23542
1.19784
1.13285
1.09799
1.23108
1.37195
1.51683
1.41640
1.24683
0.98197
0.80523
0.64553
0.60727
0.56099
0.50962
0.47284
0.51443
0.63761
0.80344
0.93521
1.04611
1.13721
1.18227
1.21361
1.23542
1.19717
1.17099
1.10316
1.21857
1.39970
1.47260
1.43088
1.27395
0.99133
0.80799
0.66028
0.60198
0.55182
0.50710
0.47107
0.52802
0.64760
0.78516
0.95935
1.03550
1.10405
1.18500
1.20802
1.24121
1.19529
1.14569
1.11490
1.22536
1.36161
1.48129
1.39697
1.24116
1.01078
0.81128
0.65265
0.60857
0.56074
0.50859
0.47826
0.50961
0.65106
0.79065
0.93933
1.04268
1.10190
1.19168
1.23213
1.25216
1.19223
1.16529
1.12236
1.24233
1.40168
1.49139
1.42264
1.24233
1.00491
0.82973
0.63822
0.59313
0.54775
0.49667
0.47481
0.52907
0.65476
0.81479
0.94764
1.06849
1.09786
1.18521
1.23469
1.23665
1.22076
1.16211
1.13462
1.22359
1.39615
1.48974
1.40429
1.24062
1.00338
0.83082
0.66186
0.60175
0.55769
0.49553
0.48235
0.52184
0.66205
0.78675
0.95002
1.05091
1.10164
1.19910
1.23876
1.24695
1.21352
1.13383
1.12537
1.20832
1.37700
1.52064
1.40274
1.24019
0.99933
0.81468
0.66044
0.61189
0.55337
0.49217
0.47109
0.52246
0.65175
0.81478
0.95935
1.05683
1.12104
1.16867
1.24255
1.25201
1.17745
1.15903
1.12088
1.19848
1.40153
1.48981
1.40465
1.23070
0.99244
0.81109
0.63981
0.59904
0.54892
0.50102
0.48586
0.52418
0.65968
0.78567
0.93935
1.04830
1.14054
1.19369
1.21765
1.24167
1.17884
1.16108
1.12030
1.20536
1.37598
1.48012
1.43430
1.24342
1.01767
0.80416
0.64856
0.59005
0.54026
0.50259
0.48569
0.52398
0.64598
0.81430
0.95077
1.06906
1.10090
1.16617
1.23342
1.27071
1.21356
1.14059
1.10440
1.23698
1.39572
1.48625
1.40454
1.24105
1.01318
0.83057
0.64981
0.60372
0.55858
0.50077
0.47582
0.52990
0.63795
0.79444
0.96797
1.04433
1.11145
1.16211
1.24029
1.23177
1.19194
1.16828
1.11998
1.22563
1.38459
1.51190
1.39327
1.25139
0.98128
0.83073
0.65391
0.60039
0.54618
0.50324
0.47266
0.51267
0.63751
0.81486
0.96787
1.03420
1.11854
1.18740
1.20976
1.26273
1.20279
1.14668
1.10957
1.23238
1.40199
1.51371
1.41471
1.27192
0.99022
0.82109
0.66233
0.59273
0.54145
0.49595
0.47801
0.51835
0.64510
0.80620
0.93449
1.04589
1.11082
1.17087
1.20075
1.25469
1.18957
1.13414
1.09763
1.20944
1.38280
1.52225
1.39400
1.27024
0.98524
0.83095
0.65824
0.59255
0.54172
0.50642
0.48265
0.50994
0.66029
0.80049
0.95169
1.05447
1.13167
1.19677
1.21428
1.22923
1.21123
1.14227
1.13522
1.21374
1.39812
1.48059
1.39896
1.26899
0.98176
0.82612
0.65912
0.60141
0.55884
0.49839
0.47728
0.51977
0.64366
0.81373
0.94874
1.03967
1.11692
1.18956
1.21523
1.23409
1.21710
1.15387
1.11434
1.20642
1.36449
1.50133
1.41622
1.26207
0.98282
0.83139
0.65720
0.60005
0.54836
0.50222
0.48683
0.52355
0.65061
0.79356
0.95775
1.04503
1.12303
1.19831
1.23674
1.26994
1.22107
1.16451
1.09766
1.19575
1.35723
1.48564
1.39289
1.24620
0.99364
0.82136
0.64913
0.59995
0.54972
0.49459
0.47204
0.51100
0.66010
0.79146
0.96374
1.05889
1.13670
1.20067
1.20242
1.24470
1.22307
1.15666
1.13776
1.21913
1.35318
1.50737
1.40473
1.25137
1.00900
0.82352
0.64329
0.60361
0.55786
0.49169
0.48906
0.51025
0.65872
0.81074
0.93289
1.05193
1.13985
1.17157
1.23496
1.25507
1.21390
1.16376
1.09982
1.20942
1.38847
1.49938
1.44686
1.26242
1.00271
0.81341
0.65214
0.59810
0.54103
0.49048
0.47983
0.51539
0.64583
0.79320
0.93749
1.04577
1.12885
1.16601
1.22812
1.24715
1.19680
1.13506
1.10626
1.22568
1.36725
1.50358
1.44526
1.26072
1.00717
0.83507
0.66106
0.60574
0.55148
0.50938
0.48623
0.52956
0.65380
0.79615
0.94911
1.06730
1.09827
1.16380
1.21861
1.25215
1.17887
1.15727
1.13746
1.20095
1.37657
1.48681
1.44756
1.25544
0.99015
0.80795
0.64890
0.60533
0.54646
0.49802
0.48052
0.52820
0.65724
0.78622
0.94159
1.04493
1.13634
1.17622
1.20731
1.25488
1.19901
1.16833
1.13947
1.23551
1.39153
1.51459
1.44270
1.22826
0.99344
0.80374
0.65518
0.60171
0.55283
0.50756
0.48312
0.52781
0.64916
0.78852
0.93359
1.05900
1.11140
1.18808
1.22744
1.25155
1.21033
1.15022
1.11946
1.21989
1.40407
1.49336
1.39825
1.23702
1.00740
0.83113
0.65971
0.58969
0.56073
0.50845
0.48123
0.51857
0.64578
0.80706
0.93152
1.04471
1.13894
1.18219
1.21873
1.24983
1.19083
1.17074
1.14159
1.22066
1.40719
1.49735
1.41580
1.23566
0.98773
0.83091
0.66176
0.61142
0.53968
0.49988
0.48696
0.51465
0.65869
0.81003
0.95490
1.02909
1.11461
1.19909
1.22880
1.24394
1.20633
1.13819
1.12320
1.24351
1.39930
1.48701
1.43036
1.24291
1.01948
0.80635
0.66068
0.60925
0.55648
0.50852
0.47383
0.52036
0.65330
0.81322
0.95623
1.04535
1.13075
1.19499
1.22490
1.22925
1.22027
1.12947
1.12121
1.20140
1.37338
1.51877
1.40546
1.26922
1.00851
0.81600
0.63836
0.60723
0.55393
0.50892
0.47216
0.52850
0.65026
0.80368
0.94301
1.03225
1.13571
1.16322
1.21368
1.25612
1.22388
1.15080
1.14197
1.20665
1.37437
1.51179
1.39527
1.26238
0.99682
0.83021
0.64937
0.59684
0.55342
0.50876
0.48231
0.51548
0.64233
0.79805
0.93204
1.06580
1.12493
1.16601
1.22097
1.22769
1.21738
1.14737
1.12215
1.22326
1.38996
1.49228
1.39604
1.24782
0.98191
0.82781
0.64746
0.60922
0.55441
0.49484
0.48499
0.51565
0.64421
0.78420
0.94524
1.04735
1.11123
1.17013
1.20743
1.27183
1.21729
1.14527
1.11908
1.22317
1.37943
1.48619
1.44782
1.23418
1.01447
0.80467
0.65595
0.59286
0.54376
0.50953
0.48179
0.51593
0.66216
0.81267
0.93822
1.02908
1.12949
1.19736
1.20137
1.22695
1.20471
1.15480
1.12074
1.19597
1.39043
1.52676
1.44122
1.23066
0.99418
0.81154
0.65002
0.59597
0.54283
0.50251
0.48144
0.52522
0.64099
0.79542
0.93647
1.06473
1.11274
1.16939
1.19589
1.26510
1.19988
1.15174
1.13662
1.23087
1.38928
1.48073
1.42287
1.27299
1.00384
0.83012
0.65620
0.61143
0.55051
0.49860
0.47438
0.51633
0.63988
0.79601
0.94354
1.04337
1.13421
1.18150
1.22103
1.26372
1.18177
1.15577
1.11313
1.21193
1.38412
1.52184
1.40288
1.25862
1.01607
0.81013
0.64557
0.59290
0.55588
0.49140
0.48864
0.51289
0.64445
0.80599
0.93636
1.05051
1.12992
1.20024
1.23133
1.26249
1.19555
1.13802
1.12093
1.20629
1.39890
1.50978
1.43796
1.26469
0.99876
0.81375
0.65751
0.59935
0.55723
0.49645
0.48914
0.51539
0.63889
0.80804
0.96259
1.06774
1.11225
1.19435
1.22187
1.24816
1.21540
1.17079
1.10102
1.23018
1.36537
1.49393
1.40683
1.26663
1.01981
0.82491
0.65697
0.59359
0.55192
0.49918
0.48693
0.52335
0.64620
0.79511
0.94064
1.06901
1.11096
1.16388
1.21323
1.26208
1.20988
1.15924
1.09788
1.21387
1.40216
1.48910
1.42551
1.23989
0.98500
0.81634
0.65081
0.61094
0.54047
0.50083
0.47581
0.51960
0.65481
0.79066
0.95411
1.04270
1.13706
1.16270
1.20060
1.27296
1.18334
1.13402
1.10457
1.19997
1.37748
1.51013
1.43882
1.26451
1.00851
0.81910
0.66142
0.59958
0.55088
0.49442
0.47224
0.51085
0.65831
0.80869
0.93844
1.06659
1.12826
1.18740
1.24393
1.22668
1.19636
1.14954
1.12374
1.19966
1.38884
1.47314
1.42323
1.26060
0.99952
0.82386
0.65904
0.60199
0.55190
0.50852
0.48144
0.50981
0.65804
0.80348
0.94924
1.04027
1.10916
1.17910
1.20669
1.22743
1.18412
1.13889
1.10647
1.22516
1.39787
1.51864
1.43717
1.26041
1.01438
0.82922
0.64697
0.60549
0.55852
0.49112
0.47305
0.52755
0.64797
0.79716
0.96745
1.06051
1.14155
1.16742
1.20030
1.24423
1.20001
1.15323
1.14135
1.21965
1.37453
1.52970
1.40642
1.25827
1.01857
0.82561
0.66089
0.60246
0.55445
0.50487
0.47779
0.51483
0.63796
0.79911
0.95551
1.04072
1.12080
1.16800
1.21012
1.25752
1.21879
1.16661
1.10700
1.21508
1.40141
1.48539
1.44651
1.25596
0.98661
0.83070
0.64679
0.60010
0.55580
0.49098
0.48434
0.52419
0.64893
0.80263
0.94389
1.03617
1.11548
1.19981
1.20663
1.24305
1.19158
1.13084
1.12057
1.23624
1.40233
1.51342
1.41335
1.23990
1.00767
0.83248
0.64981
0.59651
0.55605
0.49474
0.48662
0.52658
0.65900
0.79585
0.94556
1.06518
1.11838
1.18333
1.22953
1.27305
1.20222
1.15628
1.12318
1.24084
1.40008
1.48019
1.40175
1.23718
1.01007
0.81013
0.65365
0.60381
0.55386
0.50489
0.48657
0.52035
0.64095
0.79618
0.96220
1.03620
1.11238
1.20202
1.23495
1.23611
1.22399
1.12993
1.11666
1.21533
1.37450
1.47672
1.41570
1.25568
1.01952
0.81081
0.63921
0.59315
0.54447
0.49453
0.48390
0.52529
0.65123
0.80171
0.95496
1.07039
1.12602
1.18474
1.23997
1.25354
1.19210
1.17103
1.11731
1.22496
1.39216
1.51073
1.40368
1.22908
0.99098
0.83205
0.63757
0.60740
0.54294
0.49331
0.47389
0.52398
0.64256
0.79354
0.96020
1.05005
1.13834
1.15913
1.21691
1.25361
1.20312
1.16490
1.10325
1.21025
1.35252
1.52707
1.43513
1.26257
0.98555
0.81506
0.64296
0.59237
0.54266
0.49299
0.47429
0.52946
0.63741
0.81464
0.93198
1.06979
1.11093
1.18118
1.23768
1.26982
1.18507
1.15739
1.13977
1.24321
1.35836
1.48073
1.43400
1.22747
0.98285
0.81964
0.64153
0.59387
0.55310
0.50617
0.48678
0.51788
0.64000
0.78657
0.94470
1.06381
1.10721
1.19374
1.22755
1.22631
1.21372
1.16944
1.11966
1.23630
1.35965
1.51559
1.44418
1.26664
0.99038
0.81059
0.63733
0.59705
0.54269
0.50080
0.47235
0.51042
0.66126
0.81509
0.94472
1.05606
1.10064
1.16621
1.19753
1.24847
1.18320
1.17260
1.11673
1.24222
1.39238
1.50485
1.42229
1.26027
0.98020
0.82927
0.65174
0.59703
0.54368
0.50584
0.47319
0.51977
0.63733
0.78997
0.94944
1.06421
1.10392
1.19096
1.22932
1.22672
1.19947
1.17168
1.10264
1.23187
1.38765
1.50565
1.41992
1.25339
0.99706
0.80610
0.64561
0.59888
0.55522
0.50020
0.47774
0.52843
0.66210
0.80410
0.93602
1.05497
1.11476
1.20318
1.20960
1.26031
1.20169
1.13589
1.12849
1.19806
1.36258
1.47274
1.44187
1.26699
0.98473
0.81706
0.64588
0.60117
0.54913
0.50291
0.48026
0.52654
0.63953
0.79884
0.95341
1.03686
1.12499
1.15885
1.22370
1.26712
1.19999
1.14720
1.10428
1.19698
1.39417
1.51777
1.40827
1.23076
0.99500
0.83079
0.64850
0.59890
0.55980
0.49438
0.48734
0.51001
0.64589
0.80851
0.94403
1.05499
1.11790
1.15688
1.22484
1.25508
1.20717
1.14277
1.11970
1.22985
1.40141
1.47330
1.39719
1.25749
1.01056
0.83601
0.65570
0.58857
0.55165
0.49093
0.47851
0.51933
0.63759
0.78608
0.96611
1.05143
1.11403
1.17358
1.20299
1.23248
1.19284
1.14245
1.13272
1.21935
1.37806
1.47788
1.44195
1.25873
1.01341
0.82513
0.66224
0.60819
0.54073
0.49475
0.48610
0.51804
0.64912
0.81445
0.96767
1.06114
1.12334
1.19963
1.21978
1.23330
1.19165
1.14064
1.12261
1.19889
1.35621
1.48001
1.44541
1.26555
1.00842
0.83542
