0.00000
0.00000
0.00000
0.00000
0.00000
0.07828
0.22117
0.43722
0.63950
0.79729
0.89687
1.01117
0.96455
0.88727
0.79366
0.56360
0.37694
0.17803
0.05041
0.00000
0.00000
0.00000
0.00000
0.00000
0.00000
0.00000
0.00000
0.00000
0.00000
0.07860
0.22018
0.44715
0.64193
0.82946
0.91932
0.99749
0.97523
0.88586
0.78613
0.58446
0.37583
0.17971
0.04869
0.00000
0.00000
0.00000
0.00000
0.00000
0.00000
0.00000
0.00000
0.00000
0.00000
0.08107
0.21433
0.44550
0.63895
0.82820
0.91225
1.01553
0.93993
0.88487
0.76228
0.56655
0.38512
0.17982
0.04987
0.00000
0.00000
0.00000
0.00000
0.00000
0.00000
0.00000
0.00000
0.00000
0.00000
0.07766
0.21387
0.44030
0.65160
0.82540
0.92220
0.99255
0.95746
0.88633
0.78564
0.56808
0.38165
0.17625
0.04942
0.00000
0.00000
0.00000
0.00000
0.00000
0.00000
0.00000
0.00000
0.00000
0.00000
0.08129
0.21813
0.44066
0.65991
0.83557
0.91259
0.97556
0.94359
0.89139
0.77980
0.57020
0.38005
0.18100
0.04905
0.00000
0.00000
0.00000
0.00000
0.00000
0.00000
0.00000
0.00000
0.00000
0.00000
0.08048
0.21457
0.45121
0.64656
0.82734
0.92529
1.01519
0.97396
0.88804
0.78385
0.56834
0.36918
0.18130
0.04975
0.00000
0.00000
0.00000
0.00000
0.00000
0.00000
0.00000
0.00000
0.00000
0.00000
0.08090
0.21432
0.43950
0.63614
0.81143
0.93064
1.01017
0.93410
0.89097
0.77715
0.57469
0.38108
0.18025
0.04923
0.00000
0.00000
0.00000
0.00000
0.00000
0.00000
0.00000
0.00000
0.00000
0.00000
0.07908
0.21847
0.45859
0.63558
0.83048
0.92206
0.98881
0.94036
0.89227
0.77540
0.56610
0.37980
0.17664
0.04946
0.00000
0.00000
0.00000
0.00000
0.00000
0.00000
0.00000
0.00000
0.00000
0.00000
0.08088
0.22130
0.45829
0.64777
0.80873
0.89726
1.00055
0.96858
0.89206
0.76014
0.57033
0.37152
0.17713
0.04960
0.00000
0.00000
0.00000
0.00000
0.00000
0.00000
0.00000
0.00000
0.00000
0.00000
0.08049
0.21861
0.43994
0.64159
0.82030
0.90122
1.00692
0.94286
0.91428
0.76709
0.58480
0.37218
0.17719
0.04873
0.00000
0.00000
0.00000
0.00000
0.00000
0.00000
0.00000
0.00000
0.00000
0.00000
0.08016
0.21939
0.45106
0.64818
0.82496
0.91643
1.01969
0.94170
0.87776
0.76088
0.56444
0.37629
0.17864
0.04941
0.00000
0.00000
0.00000
0.00000
0.00000
0.00000
0.00000
0.00000
0.00000
0.00000
0.07930
0.21637
0.44093
0.65721
0.81303
0.93324
0.98956
0.96812
0.89086
0.78813
0.58450
0.37577
0.17654
0.05048
0.00000
0.00000
0.00000
0.00000
0.00000
0.00000
0.00000
0.00000
0.00000
0.00000
0.08086
0.22307
0.45875
0.63052
0.83088
0.92058
1.01950
0.95653
0.89458
0.78785
0.56921
0.37806
0.18271
0.04994
0.00000
0.00000
0.00000
0.00000
0.00000
0.00000
0.00000
0.00000
0.00000
0.00000
0.08014
0.21650
0.44862
0.65309
0.81586
0.91705
0.99226
0.93715
0.89507
0.78987
0.58794
0.37374
0.17648
0.04991
0.00000
0.00000
0.00000
0.00000
0.00000
0.00000
0.00000
0.00000
0.00000
0.00000
0.08102
0.21723
0.44654
0.63226
0.80266
0.92289
0.98654
0.97433
0.87832
0.79515
0.57826
0.38203
0.18360
0.04922
0.00000
0.00000
0.00000
0.00000
0.00000
0.00000
0.00000
0.00000
0.00000
0.00000
0.07883
0.21842
0.43879
0.66285
0.80902
0.90608
0.97310
0.94552
0.87509
0.77631
0.58468
0.38059
0.17541
0.04870
0.00000
0.00000
0.00000
0.00000
0.00000
0.00000
0.00000
0.00000
0.00000
0.00000
0.07795
0.22218
0.45772
0.65272
0.80082
0.92565
0.97552
0.93684
0.90183
0.76942
0.58156
0.38283
0.17985
0.05035
0.00000
0.00000
0.00000
0.00000
0.00000
0.00000
0.00000
0.00000
0.00000
0.00000
0.07933
0.22104
0.45356
0.64456
0.82228
0.89745
1.01669
0.94020
0.88498
0.78772
0.57674
0.38321
0.17816
0.04918
0.00000
0.00000
0.00000
0.00000
0.00000
0.00000
0.00000
0.00000
0.00000
0.00000
0.07791
0.22345
0.45240
0.64863
0.80825
0.90005
1.00112
0.97862
0.88067
0.76665
0.57411
0.37001
0.18076
0.04951
0.00000
0.00000
0.00000
0.00000
0.00000
0.00000
0.00000
0.00000
0.00000
0.00000
0.08056
0.22158
0.43888
0.65265
0.81439
0.90216
0.97493
0.97073
0.88088
0.76298
0.58191
0.38559
0.17925
0.05026
0.00000
0.00000
0.00000
0.00000
0.00000
0.00000
0.00000
0.00000
0.00000
0.00000
0.08086
0.21689
0.45483
0.65614
0.83034
0.91566
1.00178
0.97684
0.89298
0.75894
0.58774
0.38059
0.17780
0.05099
0.00000
0.00000
0.00000
0.00000
0.00000
0.00000
0.00000
0.00000
0.00000
0.00000
0.08007
0.21973
0.44843
0.63944
0.80559
0.91318
0.98139
0.96981
0.91737
0.75777
0.57813
0.37025
0.18182
0.05097
0.00000
0.00000
0.00000
0.00000
0.00000
0.00000
0.00000
0.00000
0.00000
0.00000
0.07993
0.21903
0.43836
0.65389
0.83624
0.90871
1.01856
0.94783
0.91289
0.77433
0.57459
0.37274
0.17573
0.04927
0.00000
0.00000
0.00000
0.00000
0.00000
0.00000
0.00000
0.00000
0.00000
0.00000
0.07844
0.21901
0.45689
0.65094
0.79956
0.91038
0.97273
0.95526
0.89243
0.79550
0.58614
0.37783
0.18265
0.04884
0.00000
0.00000
0.00000
0.00000
0.00000
0.00000
0.00000
0.00000
0.00000
0.00000
0.07852
0.22122
0.45055
0.64969
0.82248
0.89459
0.98744
0.95286
0.88384
0.78449
0.58743
0.37395
0.18118
0.04884
0.00000
0.00000
0.00000
0.00000
0.00000
0.00000
0.00000
0.00000
0.00000
0.00000
0.07798
0.22363
0.44548
0.63204
0.80944
0.92625
1.00973
0.95736
0.90388
0.79145
0.56419
0.37437
0.17502
0.04899
0.00000
0.00000
0.00000
0.00000
0.00000
0.00000
0.00000
0.00000
0.00000
0.00000
0.08118
0.21997
0.45639
0.66117
0.81792
0.92591
0.99884
0.93244
0.89309
0.78181
0.57771
0.37567
0.18303
0.05057
0.00000
0.00000
0.00000
0.00000
0.00000
0.00000
0.00000
0.00000
0.00000
0.00000
0.07874
0.22081
0.45145
0.63449
0.81210
0.90506
1.00583
0.94480
0.91333
0.78884
0.57391
0.37806
0.18085
0.05059
0.00000
0.00000
0.00000
0.00000
0.00000
0.00000
0.00000
0.00000
0.00000
0.00000
0.07976
0.21445
0.43980
0.65101
0.83063
0.93721
0.99854
0.97905
0.89791
0.77670
0.57219
0.37677
0.17903
0.04868
0.00000
0.00000
0.00000
0.00000
0.00000
0.00000
0.00000
0.00000
0.00000
0.00000
0.07942
0.21765
0.45395
0.65436
0.81304
0.92431
1.01726
0.96884
0.90475
0.76086
0.57391
0.37983
0.17873
0.04863
0.00000
0.00000
0.00000
0.00000
0.00000
0.00000
0.00000
0.00000
0.00000
0.00000
0.07800
0.21899
0.44968
0.65529
0.79880
0.92283
0.99585
0.93941
0.91524
0.77963
0.57538
0.38650
0.18050
0.04963
0.00000
0.00000
0.00000
0.00000
0.00000
0.00000
0.00000
0.00000
0.00000
0.00000
0.07836
0.21497
0.44253
0.63618
0.80108
0.91995
1.01505
0.97629
0.88295
0.77542
0.57350
0.37855
0.17698
0.04867
0.00000
0.00000
0.00000
0.00000
0.00000
0.00000
0.00000
0.00000
0.00000
0.00000
0.07889
0.21784
0.44884
0.63208
0.81806
0.90504
0.98208
0.94287
0.87994
0.79390
0.58973
0.38416
0.18115
0.04894
0.00000
0.00000
0.00000
0.00000
0.00000
0.00000
0.00000
0.00000
0.00000
0.00000
0.08149
0.21403
0.44663
0.64943
0.82355
0.92549
1.00250
0.96609
0.88982
0.77928
0.56597
0.36970
0.18342
0.04921
0.00000
0.00000
0.00000
0.00000
0.00000
0.00000
0.00000
0.00000
0.00000
0.00000
0.08000
0.21530
0.43853
0.63880
0.83060
0.93431
1.00498
0.96601
0.88334
0.77907
0.58611
0.37627
0.18350
0.04872
0.00000
0.00000
0.00000
0.00000
0.00000
0.00000
0.00000
0.00000
0.00000
0.00000
0.07917
0.22249
0.45173
0.63725
0.80844
0.89856
1.00357
0.95861
0.88064
0.76236
0.57641
0.38585
0.17957
0.04858
0.00000
0.00000
0.00000
0.00000
0.00000
0.00000
0.00000
0.00000
0.00000
0.00000
0.08060
0.21383
0.45779
0.65532
0.81831
0.90086
0.99490
0.95606
0.91774
0.78994
0.59051
0.38150
0.17823
0.05084
0.00000
0.00000
0.00000
0.00000
0.00000
0.00000
0.00000
0.00000
0.00000
0.00000
0.07922
0.21537
0.45830
0.64374
0.83002
0.92070
0.98883
0.97330
0.90832
0.77473
0.58621
0.38567
0.17846
0.04934
0.00000
0.00000
0.00000
0.00000
0.00000
0.00000
0.00000
0.00000
0.00000
0.00000
0.08145
0.21878
0.44146
0.63785
0.81741
0.92746
0.98738
0.95334
0.90177
0.79238
0.56729
0.38220
0.17980
0.04958
0.00000
0.00000
0.00000
0.00000
0.00000
0.00000
0.00000
0.00000
0.00000
0.00000
0.08062
0.21721
0.44592
0.63556
0.82898
0.92115
1.00693
0.96985
0.87603
0.79368
0.57703
0.38295
0.18128
0.05058
0.00000
0.00000
0.00000
0.00000
0.00000
0.00000
0.00000
0.00000
0.00000
0.00000
0.07884
0.21915
0.44382
0.65753
0.82862
0.91802
0.98315
0.96387
0.88351
0.77440
0.57375
0.37883
0.18353
0.05039
0.00000
0.00000
0.00000
0.00000
0.00000
0.00000
0.00000
0.00000
0.00000
0.00000
0.08053
0.22200
0.44476
0.65471
0.83198
0.90356
0.97648
0.94200
0.88875
0.76780
0.58950
0.36957
0.17993
0.04891
0.00000
0.00000
0.00000
0.00000
0.00000
0.00000
0.00000
0.00000
0.00000
0.00000
0.07841
0.22250
0.45171
0.63859
0.81491
0.91076
0.99997
0.96963
0.87773
0.78864
0.58699
0.37534
0.17847
0.04993
0.00000
0.00000
0.00000
0.00000
0.00000
0.00000
0.00000
0.00000
0.00000
0.00000
0.07910
0.22411
0.45838
0.65142
0.83066
0.91089
1.00160
0.97849
0.89818
0.79301
0.58349
0.37780
0.18035
0.05072
0.00000
0.00000
0.00000
0.00000
0.00000
0.00000
0.00000
0.00000
0.00000
0.00000
0.07938
0.22172
0.45007
0.65596
0.80007
0.93741
1.01243
0.93363
0.89398
0.76930
0.58088
0.37298
0.17982
0.05001
0.00000
0.00000
0.00000
0.00000
0.00000
0.00000
0.00000
0.00000
0.00000
0.00000
0.07798
0.22305
0.43682
0.64006
0.80278
0.93501
0.97341
0.95909
0.90167
0.78200
0.58767
0.36966
0.18195
0.04982
0.00000
0.00000
0.00000
0.00000
0.00000
0.00000
0.00000
0.00000
0.00000
0.00000
0.07937
0.21831
0.44698
0.63957
0.82309
0.93397
1.01543
0.96707
0.88472
0.78350
0.56642
0.37095
0.17632
0.04886
0.00000
0.00000
0.00000
0.00000
0.00000
0.00000
0.00000
0.00000
0.00000
0.00000
0.07779
0.21399
0.43696
0.65265
0.81994
0.89765
1.00981
0.96086
0.87616
0.75930
0.56654
0.38359
0.17543
0.04909
0.00000
0.00000
0.00000
0.00000
0.00000
0.00000
0.00000
0.00000
0.00000
0.00000
0.07880
0.21991
0.44107
0.65117
0.82813
0.91548
1.00254
0.96941
0.88350
0.78003
0.56586
0.37840
0.18214
0.05080
0.00000
0.00000
0.00000
0.00000
0.00000
0.00000
0.00000
0.00000
0.00000
0.00000
0.07829
0.21973
0.45014
0.63747
0.81672
0.93790
0.99450
0.96455
0.89151
0.75796
0.57109
0.38383
0.17772
0.04871
0.00000
0.00000
0.00000
0.00000
0.00000
0.00000
0.00000
0.00000
0.00000
0.00000
0.07936
0.21512
0.44384
0.64071
0.83207
0.90376
0.98553
0.95083
0.90486
0.76220
0.58787
0.37018
0.17876
0.04858
0.00000
0.00000
0.00000
0.00000
0.00000
0.00000
0.00000
0.00000
0.00000
0.00000
0.07977
0.21519
0.43663
0.65557
0.82676
0.91177
0.97284
0.95932
0.88084
0.78502
0.57809
0.37341
0.18285
0.05040
0.00000
0.00000
0.00000
0.00000
0.00000
0.00000
0.00000
0.00000
0.00000
0.00000
0.07815
0.21899
0.45577
0.64299
0.82392
0.92128
0.99252
0.95393
0.91574
0.75986
0.57072
0.37709
0.17989
0.05069
0.00000
0.00000
0.00000
0.00000
0.00000
0.00000
0.00000
0.00000
0.00000
0.00000
0.08004
0.22394
0.43865
0.63166
0.83174
0.90376
0.97045
0.97032
0.87932
0.79091
0.56537
0.37530
0.17994
0.04996
0.00000
0.00000
0.00000
0.00000
0.00000
0.00000
0.00000
0.00000
0.00000
0.00000
0.08104
0.21370
0.45673
0.65975
0.81689
0.89793
0.97889
0.96509
0.91041
0.75796
0.58458
0.38679
0.17769
0.05010
0.00000
0.00000
0.00000
0.00000
0.00000
0.00000
0.00000
0.00000
0.00000
0.00000
0.08155
0.22189
0.44720
0.65263
0.81249
0.90989
0.98066
0.94958
0.87434
0.77502
0.57227
0.38714
0.17960
0.05062
0.00000
0.00000
0.00000
0.00000
0.00000
0.00000
0.00000
0.00000
0.00000
0.00000
0.07978
0.22302
0.43922
0.65833
0.83229
0.90242
0.97385
0.95396
0.91058
0.77491
0.57460
0.37815
0.17573
0.04883
0.00000
0.00000
0.00000
0.00000
0.00000
0.00000
0.00000
0.00000
0.00000
0.00000
0.07876
0.21415
0.43841
0.63272
0.81220
0.89808
0.99215
0.97435
0.88891
0.76129
0.57910
0.38523
0.17774
0.04860
0.00000
0.00000
0.00000
0.00000
0.00000
0.00000
0.00000
0.00000
0.00000
0.00000
0.07964
0.21885
0.45116
0.65467
0.80778
0.89652
1.01130
0.94990
0.90789
0.76360
0.56577
0.38580
0.18249
0.05100
0.00000
0.00000
0.00000
0.00000
0.00000
0.00000
0.00000
0.00000
0.00000
0.00000
0.07845
0.21987
0.43971
0.63220
0.82342
0.92039
0.98098
0.95070
0.90135
0.77826
0.56630
0.37181
0.17461
0.04955
0.00000
0.00000
0.00000
0.00000
0.00000
0.00000
0.00000
0.00000
0.00000
0.00000
0.08056
0.21496
0.44635
0.64189
0.81502
0.91942
0.97729
0.97466
0.90181
0.76295
0.57901
0.38630
0.18165
0.05021
0.00000
0.00000
0.00000
0.00000
0.00000
0.00000
0.00000
0.00000
0.00000
0.00000
0.08008
0.22161
0.45849
0.64298
0.80607
0.93276
1.01030
0.95333
0.87709
0.77861
0.56803
0.37870
0.17780
0.04929
0.00000
0.00000
0.00000
0.00000
0.00000
0.00000
0.00000
0.00000
0.00000
0.00000
0.07799
0.22148
0.45084
0.63290
0.80034
0.93755
0.99484
0.93228
0.87542
0.76209
0.58851
0.37745
0.17965
0.04974
0.00000
0.00000
0.00000
0.00000
0.00000
0.00000
0.00000
0.00000
0.00000
0.00000
0.07856
0.21626
0.45358
0.66278
0.81002
0.92703
0.97550
0.95986
0.89238
0.78510
0.57017
0.37040
0.17866
0.05010
0.00000
0.00000
0.00000
0.00000
0.00000
0.00000
0.00000
0.00000
0.00000
0.00000
0.07977
0.21617
0.44952
0.66025
0.83212
0.91460
0.99214
0.94616
0.87549
0.78600
0.56643
0.37536
0.17816
0.05071
0.00000
0.00000
0.00000
0.00000
0.00000
0.00000
0.00000
0.00000
0.00000
0.00000
0.08072
0.21726
0.43772
0.65353
0.83611
0.89987
0.97568
0.97502
0.89467
0.78982
0.58609
0.37215
0.17682
0.04864
0.00000
0.00000
0.00000
0.00000
0.00000
0.00000
0.00000
0.00000
0.00000
0.00000
0.07766
0.21861
0.45790
0.63859
0.81124
0.91225
1.01154
0.97078
0.89338
0.77144
0.58945
0.38268
0.18124
0.05087
0.00000
0.00000
0.00000
0.00000
0.00000
0.00000
0.00000
0.00000
0.00000
0.00000
0.07974
0.21972
0.44579
0.63098
0.82421
0.91571
0.98906
0.93432
0.88914
0.76574
0.56850
0.38406
0.17814
0.04863
0.00000
0.00000
0.00000
0.00000
0.00000
0.00000
0.00000
0.00000
0.00000
0.00000
0.07998
0.22168
0.44768
0.65862
0.79819
0.93695
0.97494
0.95745
0.89113
0.76077
0.58360
0.38026
0.18165
0.04992
0.00000
0.00000
0.00000
0.00000
0.00000
0.00000
0.00000
0.00000
0.00000
0.00000
0.08014
0.21740
0.44567
0.64248
0.81460
0.91556
1.01553
0.94111
0.88824
0.77899
0.57672
0.37358
0.17982
0.05070
0.00000
0.00000
0.00000
0.00000
0.00000
0.00000
0.00000
0.00000
0.00000
0.00000
0.07854
0.21690
0.45865
0.64832
0.82612
0.93113
0.97834
0.97455
0.87773
0.78566
0.58375
0.38223
0.17580
0.04961
0.00000
0.00000
0.00000
0.00000
0.00000
0.00000
0.00000
0.00000
0.00000
0.00000
0.07855
0.21598
0.44696
0.65063
0.82063
0.89804
0.97619
0.94485
0.90611
0.77264
0.58664
0.38637
0.17819
0.04863
0.00000
0.00000
0.00000
0.00000
0.00000
0.00000
0.00000
0.00000
0.00000
0.00000
0.07865
0.21605
0.45052
0.64750
0.81234
0.90242
1.01293
0.97253
0.88578
0.78060
0.58521
0.38674
0.18288
0.04946
0.00000
0.00000
0.00000
0.00000
0.00000
0.00000
0.00000
0.00000
0.00000
0.00000
0.07858
0.21714
0.44095
0.64697
0.83438
0.91055
0.99922
0.96031
0.90516
0.77226
0.58750
0.38609
0.18136
0.04921
0.00000
0.00000
0.00000
0.00000
0.00000
0.00000
0.00000
0.00000
0.00000
0.00000
0.07880
0.22386
0.44686
0.63985
0.79887
0.91918
0.97765
0.93471
0.89913
0.76779
0.57310
0.38237
0.18232
0.04937
0.00000
0.00000
0.00000
0.00000
0.00000
0.00000
0.00000
0.00000
0.00000
0.00000
0.07904
0.22037
0.45869
0.63723
0.82644
0.93317
0.99361
0.93883
0.90949
0.77518
0.56597
0.38524
0.18032
0.04874
0.00000
0.00000
0.00000
0.00000
0.00000
0.00000
0.00000
0.00000
0.00000
0.00000
0.08114
0.21556
0.43923
0.64817
0.80830
0.90997
1.00958
0.97148
0.90361
0.77286
0.58124
0.37267
0.18016
0.05019
0.00000
0.00000
0.00000
0.00000
0.00000
0.00000
0.00000
0.00000
0.00000
0.00000
0.08145
0.21968
0.44916
0.63624
0.81646
0.91763
0.97826
0.95491
0.89708
0.76435
0.58067
0.36910
0.17747
0.04983
0.00000
0.00000
0.00000
0.00000
0.00000
0.00000
0.00000
0.00000
0.00000
0.00000
0.07940
0.21608
0.45605
0.64768
0.83288
0.93720
0.99927
0.93691
0.91469
0.77975
0.58822
0.37667
0.18007
0.04868
0.00000
0.00000
0.00000
0.00000
0.00000
0.00000
0.00000
0.00000
0.00000
0.00000
0.08023
0.21517
0.44623
0.64692
0.81079
0.91450
0.98712
0.96850
0.89028
0.78435
0.57655
0.38245
0.18304
0.04979
0.00000
0.00000
0.00000
0.00000
0.00000
0.00000
0.00000
0.00000
0.00000
0.00000
0.08016
0.22142
0.45585
0.65088
0.80280
0.91877
0.97818
0.97469
0.87648
0.76980
0.57944
0.37763
0.18185
0.04983
0.00000
0.00000
0.00000
0.00000
0.00000
0.00000
0.00000
0.00000
0.00000
0.00000
0.08124
0.22270
0.45627
0.65475
0.80022
0.91582
0.97844
0.97109
0.91476
0.76321
0.58823
0.37597
0.17804
0.04918
0.00000
0.00000
0.00000
0.00000
0.00000
0.00000
0.00000
0.00000
0.00000
0.00000
0.08138
0.21879
0.44635
0.65561
0.82591
0.91277
0.97265
0.93542
0.90891
0.78217
0.56354
0.37918
0.18108
0.04878
0.00000
0.00000
0.00000
0.00000
0.00000
0.00000
0.00000
0.00000
0.00000
0.00000
0.07851
0.22351
0.45094
0.63392
0.80639
0.92754
1.01028
0.93620
0.89414
0.76514
0.58936
0.37469
0.18232
0.04915
0.00000
0.00000
0.00000
0.00000
0.00000
0.00000
0.00000
0.00000
0.00000
0.00000
0.07797
0.22068
0.45006
0.64590
0.81001
0.91428
1.00355
0.97726
0.87701
0.78771
0.57973
0.38593
0.17551
0.04923
0.00000
0.00000
0.00000
0.00000
0.00000
0.00000
0.00000
0.00000
0.00000
0.00000
0.07900
0.21569
0.45148
0.66213
0.82093
0.89532
0.98868
0.93918
0.88341
0.75864
0.58875
0.38367
0.17796
0.05058
0.00000
0.00000
0.00000
0.00000
0.00000
0.00000
0.00000
0.00000
0.00000
0.00000
0.08019
0.21869
0.43800
0.65968
0.81579
0.92788
0.97302
0.94380
0.90230
0.76181
0.58112
0.37591
0.18149
0.05013
0.00000
0.00000
0.00000
0.00000
0.00000
0.00000
0.00000
0.00000
0.00000
0.00000
0.07877
0.21487
0.45163
0.63708
0.83101
0.92695
0.99097
0.93121
0.87973
0.76728
0.58790
0.38002
0.17749
0.04921
0.00000
0.00000
0.00000
0.00000
0.00000
0.00000
0.00000
0.00000
0.00000
0.00000
0.07959
0.22275
0.44080
0.63453
0.79551
0.89944
0.99671
0.95571
0.89033
0.76871
0.56270
0.38409
0.18035
0.04962
0.00000
0.00000
0.00000
0.00000
0.00000
0.00000
0.00000
0.00000
0.00000
0.00000
0.07790
0.21683
0.45664
0.65763
0.79550
0.92185
1.01016
0.94297
0.87589
0.76686
0.56558
0.37779
0.17837
0.04945
0.00000
0.00000
0.00000
0.00000
0.00000
