Bus, BasekV, Node1, Magnitude1, Angle1, pu1, Node2, Magnitude2, Angle2, pu2, Node3, Magnitude3, Angle3, pu3
"SOURCEBUS", 115, 1,    66345.3,   30.0,   0.99925, 2,    66358.2,  -90.1,   0.99944, 3,    66340.8,  149.9,   0.99918
"650", 4.16, 1,    2374.75,    0.2,   0.98875, 2,    2381.65, -119.9,   0.99162, 3,    2375.69,  120.1,   0.98914
"RG60", 4.16, 1,    2369.58,    0.2,   0.98659, 2,    2377.83, -119.9,   0.99003, 3,    2370.65,  120.2,   0.98704
"633", 4.16, 1,    2293.49,   -1.8,   0.95491, 2,    2369.11, -121.3,    0.9864, 3,    2296.83,  118.6,    0.9563
"634", 0.48, 1,    259.836,   -2.3,    0.9376, 2,    269.621, -121.7,   0.97291, 3,     261.22,  118.3,   0.94259
"671", 4.16, 1,    2246.73,   -3.9,   0.93545, 2,    2397.18, -121.8,   0.99809, 3,    2246.43,  117.3,   0.93532
"645", 4.16, 2,    2356.47, -121.4,   0.98114, 3,    2298.13,  118.7,   0.95684, 0, 0, 0, 0
"646", 4.16, 2,    2353.52, -121.5,   0.97991, 3,    2294.63,  118.7,   0.95539, 0, 0, 0, 0
"692", 4.16, 1,     2246.7,   -3.9,   0.93543, 2,    2397.25, -121.8,   0.99811, 3,     2246.4,  117.3,   0.93531
"675", 4.16, 1,    2236.43,   -4.1,   0.93116, 2,    2401.93, -122.0,    1.0001, 3,    2244.19,  117.3,   0.93439
"611", 4.16, 3,    2240.92,  117.1,   0.93303, 0, 0, 0, 0, 0, 0, 0, 0
"652", 4.16, 1,    2233.45,   -3.8,   0.92991, 0, 0, 0, 0, 0, 0, 0, 0
"632", 4.16, 1,    2298.71,   -1.7,   0.95709, 2,     2372.5, -121.3,   0.98781, 3,    2301.38,  118.6,    0.9582
"680", 4.16, 1,    2246.73,   -3.9,   0.93545, 2,    2397.18, -121.8,   0.99809, 3,    2246.43,  117.3,   0.93532
"684", 4.16, 1,    2243.26,   -3.9,     0.934, 3,    2243.66,  117.2,   0.93417, 0, 0, 0, 0
